11 487
4 4 OtherA book0 33.37919742462932 521327 348
2 8
6 8 1
3 12
1 2 Null1
3 5
3 2
6 4 8
3 4
6 10 13
2 11
6 9 6
3 3
5 8 Null1
4 1 Novel book0 84.55419652521968 446815 1777 false
2 3
3 5
1 5 Null0
5 5 Null2
2 11
5 3 Null0
1 6 Null1
4 12 Computer book2 42.93159241199037 602781 719 department0
2 9
1 14 book0
3 1
2 4
1 10 Null3
6 4 7
1 10 Null0
4 14 Novel book3 90.10787702456263 168315 137 false
1 12 book2
2 13
6 14 8
6 13 12
2 2
4 8 OtherS book1 76.00465844996971 620891 683
2 8
5 12 book2
4 12 Novel book1 55.963027675090494 632969 1420 false
2 2
3 5
6 15 5
6 5 3
4 10 Poetry book6 66.33457975539764 509562 90 author0
3 19
1 6 Null6
2 7
1 7 Null3
3 8
1 7 Null4
6 20 4
6 16 9
3 12
1 16 book0
1 8 book1
3 11
3 18
6 1 13
1 6 Null2
2 7
1 13 book0
4 18 Computer book4 19.048749018871053 942787 1960 department1
1 14 book0
4 20 Novel book3 52.671566393308375 1064981 1898 false
3 9
5 11 Null7
2 18
6 4 13
4 5 Other book3 2.7544292834268465 263370
2 18
5 19 Null4
5 18 book2
4 8 Computer book10 51.14930818197982 467151 104 department2
6 9 17
5 7 Null8
5 10 book6
2 13
4 3 OtherA book5 88.61183013565147 381890 1766
5 5 book3
4 4 OtherS book9 51.54225319141499 622069 668
5 7 Null3
2 10
2 21
1 19 Null7
6 4 12
6 12 7
2 21
1 12 book1
2 11
4 21 OtherA book4 50.933176199084166 512429 1675
6 4 17
6 18 14
4 20 Poetry book9 66.62817924554841 371249 1835 author1
1 16 book0
1 19 Null12
6 9 25
3 21
1 27 book0
3 3
4 3 Math book4 106.71153381393201 882960 1498 2
4 9 Math book11 26.830639292239947 520385 253 3
1 16 book0
1 5 Null17
3 19
3 7
6 29 2
5 18 book0
4 10 Other book2 77.92999841681393 682511
1 27 book3
2 12
3 23
3 13
2 17
4 9 Computer book17 93.57359587703455 622149 309 department3
3 1
5 6 Null2
1 21 book0
1 14 book3
1 25 book1
2 12
1 25 book1
3 17
2 11
1 26 book1
4 10 Computer book10 48.680607247779285 473076 1630 department4
2 7
3 17
1 13 book0
5 24 book0
3 24
5 14 book3
5 3 book5
5 12 book1
4 13 Novel book9 1.9530721811438232 52327 1074 false
6 15 3
5 5 Null14
6 27 26
2 17
6 7 26
5 19 Null4
1 6 Null8
2 12
1 8 book1
1 16 book0
3 10
2 2
3 11
6 5 12
1 19 Null6
5 15 Null10
6 8 7
1 29 book9
3 20
5 14 book0
3 6
5 14 Null5
3 29
4 22 Computer book21 105.01342328964355 810270 1078 department5
6 19 9
5 27 book0
5 1 book0
6 13 16
2 34
6 8 11
2 11
6 6 13
4 31 Math book6 57.43380584127694 864450 581 5
6 9 31
3 14
5 27 book0
6 17 30
6 32 10
4 16 Math book12 74.3276709133373 1022506 1398 5
4 25 OtherS book8 64.07165174533866 1037071 1111
4 6 Novel book9 33.23515619418688 1024840 870 true
6 37 22
2 35
1 19 Null1
6 16 28
5 6 book9
1 6 Null18
3 16
1 15 Null18
1 36 book11
4 44 OtherS book26 63.68205105285092 530059 643
5 17 book0
5 8 book1
5 8 book10
5 41 book0
4 3 Novel book16 63.08375199273936 790823 1808 true
2 30
2 15
4 39 Math book24 14.171337227162898 443892 467 11
6 16 22
4 8 OtherA book26 32.34863031688961 81164 456
1 45 book12
6 39 26
5 33 book1
6 43 38
6 37 41
2 20
4 8 Novel book8 61.215384609411835 800419 197 true
2 35
5 13 book0
3 28
1 26 book1
1 10 book10
3 3
4 11 OtherA book11 54.5013778393649 529012 1316
5 42 book3
6 26 28
5 43 book0
3 26
4 33 Other book25 64.90138154721265 807044
1 14 Null6
6 41 20
3 25
1 17 book3
1 41 book9
5 12 Null31
1 11 book11
1 11 book11
2 28
1 4 book9
4 24 Other book30 55.60362400204508 559778
4 45 OtherA book19 46.09793341628136 377552 622
5 6 Null26
1 40 book11
6 21 5
2 16
1 29 book1
1 36 book11
4 48 Math book1 63.853940587280725 807108 1854 2
5 38 book1
2 10
6 5 10
5 16 book12
3 13
5 17 book3
3 22
6 14 17
1 22 book0
3 12
6 4 23
3 27
6 50 3
6 4 15
6 5 54
3 27
4 30 OtherA book20 83.7393857994317 301490 797
3 11
5 43 book0
1 42 book0
3 55
5 8 book26
1 13 book9
4 28 Other book23 105.31023570364104 982347
5 15 Null37
3 7
5 38 book10
3 53
3 33
6 32 4
4 54 OtherS book29 47.37688076977472 971942 1391
1 33 book25
4 42 Other book27 7.362931961744223 1013630
5 51 Null9
2 12
6 49 56
3 8
3 39
3 43
4 4 Math book29 35.491017459822686 244994 65 16
1 8 book8
6 44 48
4 8 Poetry book11 14.953412260490271 173466 578 author2
2 6
3 13
1 34 Null29
4 50 Novel book22 51.56600181741564 3124 694 true
3 9
5 36 book17
6 8 6
5 53 book16
6 51 53
2 45
2 25
5 30 book9
2 46
1 39 book24
2 55
4 15 Computer book21 43.85988292337719 458383 744 department6
4 59 Computer book20 4.109715709695179 204445 295 department7
4 59 Math book25 46.71424753142372 899322 522 4
1 1 Null9
3 14
1 49 book4
6 59 45
4 43 Novel book6 16.68703313457003 893396 1994 true
6 52 26
2 39
6 28 46
2 14
1 46 book1
3 48
6 23 35
1 23 book0
4 21 Math book32 30.96964705888379 572525 1024 13
6 25 23
4 33 Novel book19 101.48929308890987 150294 1462 true
5 1 Null17
4 7 Poetry book46 8.995390879450522 677229 27 author3
4 57 Poetry book37 89.9248946705492 136272 583 author4
4 10 Novel book26 38.88030131055332 503820 350 true
4 1 Poetry book50 4.512255441965223 12730 1157 author5
6 17 50
4 57 Computer book50 70.85272823681511 401112 859 department8
5 46 book9
4 17 OtherS book50 61.78291322818418 429572 343
6 9 62
3 21
6 4 66
1 37 book0
5 57 book9
1 36 book11
2 37
5 55 book0
4 18 Novel book37 84.26031819090205 20418 1905 false
3 33
6 57 63
6 68 18
5 43 book21
4 46 Math book11 81.93196031288427 228977 913 13
2 68
2 60
6 21 12
6 61 11
2 63
4 10 Poetry book9 1.720945857783595 85711 1098 author6
2 54
2 15
1 4 book29
4 68 Poetry book36 72.10224473097126 573218 441 author7
6 28 60
1 20 book9
2 32
5 54 book0
5 69 book4
2 3
1 17 book50
5 47 book1
3 18
2 11
4 15 OtherA book30 46.415545560025016 932314 819
5 44 book4
6 53 16
1 19 Null7
6 61 49
5 18 book4
4 62 Computer book48 101.96579407591481 308400 886 department9
3 48
3 19
4 48 Other book45 99.42417098539096 682328
6 8 28
3 47
2 34
2 16
6 40 14
5 25 book1
4 48 OtherS book6 21.9274762645394 165135 192
5 23 book0
3 6
6 72 64
3 10
5 9 book11
1 27 book3
3 48
6 12 1
6 4 15
1 29 book1
5 1 book50
6 56 17
5 44 book26
4 7 Poetry book6 27.260044803289862 4163 1266 author8
1 31 book6
2 35
4 47 Math book40 95.50636472053858 189028 350 15
5 30 book1
1 31 book6
4 7 Poetry book54 54.19074153278833 656107 603 author9
6 6 34
1 29 book9
3 58
1 9 book17
2 34
6 75 53
3 13
6 17 51
4 72 Poetry book26 22.816561477102336 547268 1192 author10
5 76 book50
4 70 Poetry book31 12.061933070717949 480854 1746 author11
6 73 67
4 72 Computer book10 79.68529057797554 326979 1841 department10
4 78 Other book30 61.405668945849655 41085
2 15
5 22 book0
5 70 book0
2 42
4 79 OtherA book16 7.469202407919419 750803 1864
3 6
1 19 Null68
5 77 book0
3 4
2 7
5 55 book9
1 78 book1
6 67 6
2 15
5 45 book0
2 31
2 33
1 77 book9
4 52 Novel book51 67.05976013158629 327780 1407 false
4 27 OtherS book63 66.79123735906512 739342 671
4 44 Poetry book51 51.56475127642226 1020814 411 author12
6 71 61
5 1 Null10
1 82 book8
3 71
6 71 47
6 31 30
6 55 59
1 34 Null60
3 81
4 47 Poetry book2 40.65397123028577 470348 1820 author13
1 80 book50
2 45
5 19 Null34
4 51 Computer book58 89.37127428133707 637205 1702 department11
2 25
6 47 7
3 6
1 21 book4
5 5 Null54
6 62 44
5 52 book0
4 3 Novel book71 21.949514049357468 660780 1210 false
5 58 book0
2 8
3 51
2 71
2 45
2 84
1 63 book24
2 62
4 17 Other book55 103.79704660307972 625954
2 23
1 22 book21
1 31 book6
3 46
2 79
6 62 18
1 23 book0
1 29 book1
3 26
5 29 book1
6 55 15
1 55 Null15
6 56 46
1 85 book0
6 2 10
4 27 OtherS book55 14.817824293370148 578414 883
3 82
5 36 book11
6 4 67
2 77
5 60 book10
5 9 book17
6 59 76
1 63 book9
5 19 Null63
4 18 OtherS book59 38.66427987103889 428218 1159
3 23
1 23 book0
4 50 Other book73 81.66492666666466 450933
5 29 book0
